9
0 6 82 32 60 36 62 42 95
6 0 29 98 53 71 16 93 53
82 29 0 51 24 50 5 48 71
32 98 51 0 25 29 11 53 41
60 53 24 25 0 49 27 93 30
36 71 50 29 49 0 61 77 47
62 16 5 11 27 61 0 75 20
42 93 48 53 93 77 75 0 86
95 53 71 41 30 47 20 86 0
